PYTHON vs FORTRAN COMPARISON (First 365 days)
================================================================================

Timestep-by-timestep comparison for key variables:
------------------------------------------------------------------------------------------------------------------------
Step   Time     F_Ts       P_Ts       Diff_Ts    F_Tb       P_Tb       Diff_Tb    F_h_ML     P_h_ML     Diff_h_ML  
------------------------------------------------------------------------------------------------------------------------
0      0.00     4.00000    4.00000    0.00000    3.98001    4.00000    0.01999    3.00000    3.00000    0.00000    
1      1.00     3.60939    3.63494    0.02555    3.60939    3.63494    0.02555    5.90000    5.90000    0.00000    
2      2.00     3.29459    3.10016    -0.19443   3.29459    3.10016    -0.19443   5.90000    5.90000    0.00000    
3      3.00     2.78539    2.45570    -0.32969   2.78539    2.45570    -0.32969   5.90000    5.90000    0.00000    
4      4.00     2.16731    2.23242    0.06511    2.16731    2.23242    0.06511    5.90000    5.90000    0.00000    
5      5.00     1.98200    2.14044    0.15844    1.98200    2.14044    0.15844    5.90000    5.90000    0.00000    
6      6.00     1.92420    1.90373    -0.02047   1.92420    1.90373    -0.02047   5.90000    5.90000    0.00000    
7      7.00     1.72589    1.65575    -0.07014   1.72589    1.90373    0.17784    5.90000    5.57351    -0.32649   
8      8.00     1.51671    1.14858    -0.36813   1.72589    1.90373    0.17784    5.75774    2.59016    -3.16758   
9      9.00     1.08292    0.93050    -0.15242   1.72589    1.82177    0.09588    2.89892    4.28100    1.38208    
10     10.00    0.81543    0.07558    -0.73985   1.62999    1.82177    0.19178    3.70135    2.82105    -0.88030   
11     11.00    0.13538    0.00000    -0.13538   1.62999    1.82177    0.19178    3.28798    1.65492    -1.63306   
12     12.00    0.00000    0.00000    0.00000    1.62999    0.29150    -1.33849   2.03158    1.65492    -0.37666   
13     13.00    0.00000    0.00000    0.00000    0.32006    0.29935    -0.02071   2.03158    1.65492    -0.37666   
14     14.00    0.00000    0.00000    0.00000    0.32861    0.30718    -0.02143   2.03158    1.65492    -0.37666   
15     15.00    0.00000    0.00000    0.00000    0.33714    0.31500    -0.02214   2.03158    1.65492    -0.37666   
16     16.00    0.00000    0.00000    0.00000    0.34564    0.32280    -0.02284   2.03158    1.65492    -0.37666   
17     17.00    0.00000    0.00000    0.00000    0.35413    0.33058    -0.02355   2.03158    1.65492    -0.37666   
18     18.00    0.00000    0.00000    0.00000    0.36260    0.33835    -0.02425   2.03158    1.65492    -0.37666   
19     19.00    0.00000    0.00000    0.00000    0.37105    0.34610    -0.02495   2.03158    1.65492    -0.37666   
20     20.00    0.00000    0.00000    0.00000    0.37948    0.35383    -0.02565   2.03158    1.65492    -0.37666   
21     21.00    0.00000    0.00000    0.00000    0.38789    0.36155    -0.02634   2.03158    1.65492    -0.37666   
22     22.00    0.00000    0.00000    0.00000    0.39628    0.36925    -0.02703   2.03158    1.65492    -0.37666   
23     23.00    0.00000    0.00000    0.00000    0.40465    0.37694    -0.02771   2.03158    1.65492    -0.37666   
24     24.00    0.00000    0.00000    0.00000    0.41300    0.38461    -0.02839   2.03158    1.65492    -0.37666   
25     25.00    0.00000    0.00000    0.00000    0.42133    0.39226    -0.02907   2.03158    1.65492    -0.37666   
26     26.00    0.00000    0.00000    0.00000    0.42965    0.39990    -0.02975   2.03158    1.65492    -0.37666   
27     27.00    0.00000    0.00000    0.00000    0.43794    0.40752    -0.03042   2.03158    1.65492    -0.37666   
28     28.00    0.00000    0.00000    0.00000    0.44621    0.41512    -0.03109   2.03158    1.65492    -0.37666   
29     29.00    0.00000    0.00000    0.00000    0.45447    0.42271    -0.03176   2.03158    1.65492    -0.37666   
30     30.00    0.00000    0.00000    0.00000    0.46270    0.43028    -0.03242   2.03158    1.65492    -0.37666   
31     31.00    0.00000    0.00000    0.00000    0.47092    0.43784    -0.03308   2.03158    1.65492    -0.37666   
32     32.00    0.00000    0.00000    0.00000    0.47912    0.44538    -0.03374   2.03158    1.65492    -0.37666   
33     33.00    0.00000    0.00000    0.00000    0.48730    0.45290    -0.03440   2.03158    1.65492    -0.37666   
34     34.00    0.00000    0.00000    0.00000    0.49545    0.46041    -0.03504   2.03158    1.65492    -0.37666   
35     35.00    0.00000    0.00000    0.00000    0.50360    0.46790    -0.03570   2.03158    1.65492    -0.37666   
36     36.00    0.00000    0.00000    0.00000    0.51172    0.47538    -0.03634   2.03158    1.65492    -0.37666   
37     37.00    0.00000    0.00000    0.00000    0.51982    0.48284    -0.03698   2.03158    1.65492    -0.37666   
38     38.00    0.00000    0.00000    0.00000    0.52790    0.49028    -0.03762   2.03158    1.65492    -0.37666   
39     39.00    0.00000    0.00000    0.00000    0.53597    0.49771    -0.03826   2.03158    1.65492    -0.37666   
40     40.00    0.00000    0.00000    0.00000    0.54401    0.50513    -0.03888   2.03158    1.65492    -0.37666   
41     41.00    0.00000    0.00000    0.00000    0.55204    0.51252    -0.03952   2.03158    1.65492    -0.37666   
42     42.00    0.00000    0.00000    0.00000    0.56005    0.51991    -0.04014   2.03158    1.65492    -0.37666   
43     43.00    0.00000    0.00000    0.00000    0.56804    0.52727    -0.04077   2.03158    1.65492    -0.37666   
44     44.00    0.00000    0.00000    0.00000    0.57601    0.53462    -0.04139   2.03158    1.65492    -0.37666   
45     45.00    0.00000    0.00000    0.00000    0.58397    0.54196    -0.04201   2.03158    1.65492    -0.37666   
46     46.00    0.00000    0.00000    0.00000    0.59190    0.54928    -0.04262   2.03158    1.65492    -0.37666   
47     47.00    0.00000    0.00000    0.00000    0.59982    0.55658    -0.04324   2.03158    1.65492    -0.37666   
48     48.00    0.00000    0.00000    0.00000    0.60772    0.56387    -0.04385   2.03158    1.65492    -0.37666   
49     49.00    0.00000    0.00000    0.00000    0.61560    0.57114    -0.04446   2.03158    1.65492    -0.37666   
50     50.00    0.00000    0.00000    0.00000    0.62346    0.57840    -0.04506   2.03158    1.65492    -0.37666   
51     51.00    0.00000    0.00000    0.00000    0.63130    0.58564    -0.04566   2.03158    1.65492    -0.37666   
52     52.00    0.00000    0.00000    0.00000    0.63912    0.59287    -0.04625   2.03158    1.65492    -0.37666   
53     53.00    0.00000    0.00000    0.00000    0.64693    0.60008    -0.04685   2.03158    1.65492    -0.37666   
54     54.00    0.00000    0.00000    0.00000    0.65472    0.60728    -0.04744   2.03158    1.65492    -0.37666   
55     55.00    0.00000    0.00000    0.00000    0.66249    0.61446    -0.04803   2.03158    1.65492    -0.37666   
56     56.00    0.00000    0.00000    0.00000    0.67024    0.62163    -0.04861   2.03158    1.65492    -0.37666   
57     57.00    0.00000    0.00000    0.00000    0.67798    0.62878    -0.04920   2.03158    1.65492    -0.37666   
58     58.00    0.00000    0.00000    0.00000    0.68569    0.63591    -0.04978   2.03158    1.65492    -0.37666   
59     59.00    0.00000    0.00000    0.00000    0.69339    0.64304    -0.05035   2.03158    1.65492    -0.37666   
60     60.00    0.00000    0.00000    0.00000    0.70107    0.65014    -0.05093   2.03158    1.65492    -0.37666   
61     61.00    0.00000    0.00000    0.00000    0.70874    0.65723    -0.05151   2.03158    1.65492    -0.37666   
62     62.00    0.00000    0.00000    0.00000    0.71638    0.66431    -0.05207   2.03158    1.65492    -0.37666   
63     63.00    0.00000    0.00000    0.00000    0.72401    0.67137    -0.05264   2.03158    1.65492    -0.37666   
64     64.00    0.00000    0.00000    0.00000    0.73162    0.67841    -0.05321   2.03158    1.65492    -0.37666   
65     65.00    0.00000    0.00000    0.00000    0.73921    0.68544    -0.05377   2.03158    1.65492    -0.37666   
66     66.00    0.00000    0.00000    0.00000    0.74678    0.69246    -0.05432   2.03158    1.65492    -0.37666   
67     67.00    0.00000    0.00000    0.00000    0.75434    0.69946    -0.05488   2.03158    1.65492    -0.37666   
68     68.00    0.00000    0.00000    0.00000    0.76188    0.70645    -0.05543   2.03158    1.65492    -0.37666   
69     69.00    0.00000    0.00000    0.00000    0.76940    0.71342    -0.05598   2.03158    1.65492    -0.37666   
70     70.00    0.00000    0.00000    0.00000    0.77690    0.72038    -0.05652   2.03158    1.65492    -0.37666   
71     71.00    0.00000    0.00000    0.00000    0.78439    0.72732    -0.05707   2.03158    1.65492    -0.37666   
72     72.00    0.00000    0.00000    0.00000    0.79186    0.73425    -0.05761   2.03158    1.65492    -0.37666   
73     73.00    0.00000    0.00000    0.00000    0.79931    0.74116    -0.05815   2.03158    1.65492    -0.37666   
74     74.00    0.00000    0.00000    0.00000    0.80675    0.74806    -0.05869   2.03158    1.65492    -0.37666   
75     75.00    0.00000    0.00000    0.00000    0.81416    0.75494    -0.05922   2.03158    1.65492    -0.37666   
76     76.00    0.00000    0.00000    0.00000    0.82156    0.76181    -0.05975   2.03158    1.65492    -0.37666   
77     77.00    0.00000    0.00000    0.00000    0.82895    0.76866    -0.06029   2.03158    1.65492    -0.37666   
78     78.00    0.00000    0.00000    0.00000    0.83631    0.77550    -0.06081   2.03158    1.65492    -0.37666   
79     79.00    0.00000    0.00000    0.00000    0.84366    0.78233    -0.06133   2.03158    1.65492    -0.37666   
80     80.00    0.00000    0.00000    0.00000    0.85099    0.78914    -0.06185   2.03158    1.65492    -0.37666   
81     81.00    0.00000    0.00000    0.00000    0.85831    0.79594    -0.06237   2.03158    1.65492    -0.37666   
82     82.00    0.00000    0.00000    0.00000    0.86560    0.80272    -0.06288   2.03158    1.65492    -0.37666   
83     83.00    0.00000    0.00000    0.00000    0.87289    0.80948    -0.06341   2.03158    1.65492    -0.37666   
84     84.00    0.00000    0.00000    0.00000    0.88015    0.81624    -0.06391   2.03158    1.65492    -0.37666   
85     85.00    0.00000    0.00000    0.00000    0.88740    0.82298    -0.06442   2.03158    1.65492    -0.37666   
86     86.00    0.00000    0.00000    0.00000    0.89463    0.82970    -0.06493   2.03158    1.65492    -0.37666   
87     87.00    0.00000    0.00000    0.00000    0.90184    0.83641    -0.06543   2.03158    1.65492    -0.37666   
88     88.00    0.00000    0.00000    0.00000    0.90904    0.84311    -0.06593   2.03158    1.65492    -0.37666   
89     89.00    0.00000    0.00000    0.00000    0.91622    0.84979    -0.06642   2.03158    1.65492    -0.37666   
90     90.00    0.00000    0.00000    0.00000    0.92338    0.85646    -0.06692   2.03158    1.65492    -0.37666   
91     91.00    0.00000    0.00000    0.00000    0.92338    0.86311    -0.06027   0.01053    1.65492    1.64439    
92     92.00    0.00000    0.00000    0.00000    1.62116    0.86311    -0.75805   0.01053    0.01601    0.00548    
93     93.00    0.00000    0.45753    0.45753    1.61965    0.45753    -1.16212   0.01570    5.90000    5.88430    
94     94.00    0.96262    0.57378    -0.38884   0.96262    0.57378    -0.38884   5.90000    5.90000    0.00000    
95     95.00    1.05116    0.92381    -0.12735   1.05116    0.92381    -0.12735   5.90000    5.90000    0.00000    
96     96.00    1.36722    1.37005    0.00283    1.36722    1.37005    0.00283    5.90000    5.90000    0.00000    
97     97.00    1.80555    1.79101    -0.01454   1.80555    1.79101    -0.01454   5.90000    5.90000    0.00000    
98     98.00    2.22620    2.09947    -0.12673   2.22620    2.09947    -0.12673   5.90000    5.90000    0.00000    
99     99.00    2.61493    2.24639    -0.36854   2.61493    2.24639    -0.36854   5.90000    5.90000    0.00000    
100    100.00   2.74363    2.41742    -0.32621   2.74363    2.41742    -0.32621   5.90000    5.90000    0.00000    
101    101.00   2.90938    2.64547    -0.26391   2.90938    2.64547    -0.26391   5.90000    5.90000    0.00000    
102    102.00   3.14839    2.95779    -0.19060   3.14839    2.95779    -0.19060   5.90000    5.90000    0.00000    
103    103.00   3.46110    3.43102    -0.03008   3.46110    3.43102    -0.03008   5.90000    5.90000    0.00000    
104    104.00   3.92602    3.97098    0.04496    3.92602    3.97098    0.04496    5.90000    5.90000    0.00000    
105    105.00   4.45728    4.51807    0.06079    4.45728    4.51807    0.06079    5.90000    5.90000    0.00000    
106    106.00   5.00433    5.20100    0.19667    4.45728    4.51807    0.06079    5.71996    4.45633    -1.26363   
107    107.00   5.62776    5.93988    0.31212    4.45728    4.51807    0.06079    5.55471    3.79878    -1.75593   
108    108.00   6.22568    5.79508    -0.43060   4.45728    5.79508    1.33780    5.46147    5.90000    0.43853    
109    109.00   6.26592    5.82173    -0.44419   6.26592    5.82173    -0.44419   5.90000    5.90000    0.00000    
110    110.00   6.24957    5.81306    -0.43651   6.24957    5.81306    -0.43651   5.90000    5.90000    0.00000    
111    111.00   6.21650    6.16506    -0.05144   6.21650    6.16506    -0.05144   5.90000    5.90000    0.00000    
112    112.00   6.55533    6.20218    -0.35315   6.55533    6.20218    -0.35315   5.90000    5.90000    0.00000    
113    113.00   6.57074    5.97031    -0.60043   6.57074    5.97031    -0.60043   5.90000    5.90000    0.00000    
114    114.00   6.32575    5.77372    -0.55203   6.32575    5.77372    -0.55203   5.90000    5.90000    0.00000    
115    115.00   6.12594    5.68943    -0.43651   6.12594    5.68943    -0.43651   5.90000    5.90000    0.00000    
116    116.00   6.03792    5.97547    -0.06245   6.03792    5.68943    -0.34849   5.90000    4.96916    -0.93084   
117    117.00   6.30663    6.02589    -0.28074   6.30663    5.68943    -0.61720   5.90000    4.06554    -1.83446   
118    118.00   6.33645    6.02894    -0.30751   6.33645    5.69102    -0.64543   5.90000    5.84292    -0.05708   
119    119.00   6.39063    6.49140    0.10077    6.39063    5.69102    -0.69961   5.90000    5.13012    -0.76988   
120    120.00   6.79739    7.16739    0.37000    6.39063    5.69102    -0.69961   5.82638    4.15259    -1.67379   
121    121.00   7.30337    8.02996    0.72659    6.39063    5.69102    -0.69961   5.70081    3.12961    -2.57120   
122    122.00   7.84634    7.99983    0.15349    6.39063    5.69752    -0.69311   5.51993    3.34588    -2.17405   
123    123.00   7.85619    8.15043    0.29424    6.37564    5.72182    -0.65382   5.72198    4.06630    -1.65568   
124    124.00   8.19333    8.24534    0.05201    6.37564    5.74645    -0.62919   5.37306    4.06631    -1.30675   
125    125.00   8.24055    9.68859    1.44804    6.37828    5.74645    -0.63183   5.59654    1.89553    -3.70101   
126    126.00   8.75699    9.76664    1.00965    6.37828    5.75043    -0.62785   4.77104    2.96902    -1.80202   
127    127.00   9.88822    10.67934   0.79112    6.37828    5.75043    -0.62785   3.18495    2.47181    -0.71314   
128    128.00   10.43910   11.58866   1.14956    6.37828    5.75043    -0.62785   3.14285    2.15741    -0.98544   
129    129.00   11.01910   11.40266   0.38356    6.37828    5.74809    -0.63019   3.10860    2.86290    -0.24570   
130    130.00   11.46460   13.17536   1.71076    6.46037    5.74809    -0.71228   3.10861    1.79697    -1.31164   
131    131.00   12.02670   14.61145   2.58475    6.55083    5.74809    -0.80274   3.10862    1.36757    -1.74105   
132    132.00   12.81300   13.99320   1.18020    6.55083    5.70396    -0.84687   2.98794    1.74805    -1.23989   
133    133.00   12.88110   13.79303   0.91193    6.53176    5.69832    -0.83344   3.15306    1.91887    -1.23419   
134    134.00   12.92970   13.31280   0.38310    6.51885    5.68702    -0.83183   3.31991    2.19680    -1.12311   
135    135.00   12.75090   13.84455   1.09365    6.47819    5.68702    -0.79117   3.59108    2.10750    -1.48358   
136    136.00   13.11890   14.94160   1.82270    6.52592    5.68702    -0.83890   3.59109    1.75281    -1.83828   
137    137.00   13.59240   15.26212   1.66972    6.58446    5.70447    -0.87999   3.59109    1.75282    -1.83827   
138    138.00   13.92610   15.52606   1.59996    6.62655    5.71798    -0.90857   3.59110    1.75283    -1.83827   
139    139.00   14.26080   16.79651   2.53571    6.67204    5.71798    -0.95406   3.59111    1.40144    -2.18967   
140    140.00   15.07420   17.23618   2.16198    6.67204    5.72975    -0.94229   3.28088    1.40145    -1.87943   
141    141.00   15.55180   15.77236   0.22056    6.72181    5.67268    -1.04913   3.28089    1.94570    -1.33519   
142    142.00   15.22120   14.49186   -0.72934   6.67923    5.63971    -1.03952   3.50758    2.42497    -1.08261   
143    143.00   14.54310   15.35924   0.81614    6.61286    5.63971    -0.97315   3.86040    2.16995    -1.69045   
144    144.00   14.92140   15.55289   0.63149    6.65331    5.64882    -1.00449   3.86041    2.16996    -1.69045   
145    145.00   15.12210   14.76439   -0.35771   6.67719    5.63444    -1.04275   3.86042    2.43886    -1.42156   
146    146.00   14.73670   16.15845   1.42175    6.66258    5.63444    -1.02814   4.02400    1.82639    -2.19761   
147    147.00   15.03820   17.98643   2.94823    6.68804    5.63444    -1.05360   4.02401    1.33610    -2.68791   
148    148.00   15.81220   18.51337   2.70117    6.68804    5.64647    -1.04157   3.98046    1.33611    -2.64435   
149    149.00   16.44680   18.47669   2.02989    6.68804    5.63770    -1.05034   3.93962    1.37782    -2.56180   
150    150.00   16.63070   16.37834   -0.25236   6.70594    5.58092    -1.12502   3.93963    2.01613    -1.92350   
151    151.00   16.13770   16.90330   0.76560    6.70012    5.60161    -1.09851   4.10602    2.01613    -2.08989   
152    152.00   16.54890   17.32724   0.77834    6.73217    5.61890    -1.11327   4.10603    2.01614    -2.08989   
153    153.00   16.89950   15.46002   -1.43948   6.76864    5.64200    -1.12664   4.10604    2.61297    -1.49307   
154    154.00   16.02360   14.11343   -1.91017   6.90091    5.66461    -1.23630   4.42988    3.01910    -1.41078   
155    155.00   15.13130   15.64330   0.51200    7.00992    5.66461    -1.34531   4.65517    2.46938    -2.18579   
156    156.00   15.77660   17.28660   1.51000    7.00992    5.66461    -1.34531   4.55834    2.07027    -2.48807   
157    157.00   16.52680   18.35868   1.83188    7.00992    5.66461    -1.34531   4.46667    1.83755    -2.62912   
158    158.00   17.49660   20.26620   2.76960    7.00992    5.66461    -1.34531   4.08368    1.41883    -2.66485   
159    159.00   18.89330   20.90307   2.00977    7.00992    5.65832    -1.35160   3.59306    1.41884    -2.17422   
160    160.00   19.86070   21.22158   1.36088    7.00992    5.65236    -1.35756   3.38111    1.41885    -1.96226   
161    161.00   20.20040   20.97091   0.77051    7.02095    5.64642    -1.37453   3.38112    1.50250    -1.87862   
162    162.00   20.26580   20.44024   0.17444    7.04246    5.64471    -1.39775   3.41017    1.62931    -1.78086   
163    163.00   20.13520   20.71114   0.57594    7.06715    5.64599    -1.42116   3.45858    1.62932    -1.82926   
164    164.00   20.35520   21.37538   1.02018    7.08822    5.64599    -1.44223   3.47089    1.61726    -1.85363   
165    165.00   20.85940   21.92599   1.06659    7.09032    5.64574    -1.44458   3.47090    1.61727    -1.85363   
166    166.00   21.75150   19.59206   -2.15944   7.09032    5.65202    -1.43830   3.42416    2.07584    -1.34832   
167    167.00   20.63480   20.05124   -0.58356   7.15172    5.65499    -1.49673   3.60093    2.07585    -1.52508   
168    168.00   20.87940   20.23962   -0.63978   7.17605    5.65684    -1.51921   3.61073    2.07586    -1.53487   
169    169.00   20.95550   17.22298   -3.73252   7.19801    5.83786    -1.36015   3.62621    2.77026    -0.85595   
170    170.00   18.93680   17.39365   -1.54315   7.60114    5.84425    -1.75689   4.00213    2.77026    -1.23187   
171    171.00   18.83440   17.06369   -1.77071   7.60898    5.87134    -1.73764   4.03833    2.85684    -1.18149   
172    172.00   18.32750   17.20156   -1.12594   7.62532    5.87535    -1.74997   4.13114    2.85685    -1.27429   
173    173.00   18.28280   17.28195   -1.00085   7.63226    5.87929    -1.75297   4.16194    2.85686    -1.30508   
174    174.00   18.23260   17.68093   -0.55167   7.63791    5.87929    -1.75862   4.18642    2.79222    -1.39420   
175    175.00   18.37360   17.67293   -0.70067   7.64193    5.89094    -1.75099   4.19552    2.81243    -1.38309   
176    176.00   18.25680   16.86397   -1.39283   7.65034    5.92188    -1.72846   4.23618    2.97478    -1.26140   
177    177.00   17.63810   19.61883   1.98073    7.66667    5.92188    -1.74479   4.33623    1.96757    -2.36866   
178    178.00   17.93000   19.46079   1.53079    7.66807    5.93051    -1.73756   4.33624    2.01880    -2.31744   
179    179.00   18.07160   18.14649   0.07489    7.67152    5.96560    -1.70592   4.34259    2.27553    -2.06706   
180    180.00   17.67270   17.71151   0.03881    7.68530    5.98149    -1.70381   4.42213    2.36784    -2.05429   
181    181.00   17.51680   15.96273   -1.55407   7.69181    6.04291    -1.64890   4.45627    2.72736    -1.72891   
182    182.00   16.62200   16.16445   -0.45755   7.71211    6.04281    -1.66930   4.59396    2.72737    -1.86659   
183    183.00   16.73540   16.11158   -0.62382   7.71436    6.04943    -1.66493   4.59555    2.74651    -1.84904   
184    184.00   16.68360   16.33451   -0.34909   7.71821    6.06224    -1.65597   4.61311    2.74652    -1.86659   
185    185.00   16.77360   16.53421   -0.23939   7.72150    6.07980    -1.64170   4.62186    2.74653    -1.87533   
186    186.00   16.85250   19.67074   2.81824    7.72509    6.07980    -1.64529   4.63279    1.62307    -3.00972   
187    187.00   17.49900   19.85382   2.35482    7.72509    6.07729    -1.64780   4.34992    1.62636    -2.72356   
188    188.00   17.79840   19.44795   1.64955    7.73238    6.08892    -1.64346   4.34993    1.71536    -2.63457   
189    189.00   17.88060   18.88607   1.00547    7.73549    6.10528    -1.63021   4.35737    1.82262    -2.53475   
190    190.00   17.81580   19.15253   1.33673    7.73982    6.10062    -1.63920   4.37673    1.82263    -2.55410   
191    191.00   18.08310   18.78379   0.70069    7.74056    6.11324    -1.62732   4.37674    1.89876    -2.47798   
192    192.00   18.09360   18.73630   0.64270    7.74385    6.12049    -1.62336   4.38767    1.92375    -2.46392   
193    193.00   18.20070   18.24015   0.03945    7.74573    6.13770    -1.60803   4.38783    2.02784    -2.35999   
194    194.00   18.08130   17.60186   -0.47944   7.75281    6.15963    -1.59318   4.42275    2.16014    -2.26261   
195    195.00   17.83040   17.89173   0.06133    7.76270    6.15307    -1.60963   4.47724    2.16015    -2.31709   
196    196.00   18.01150   18.17852   0.16702    7.76477    6.14546    -1.61931   4.47725    2.16015    -2.31710   
197    197.00   18.20480   17.30443   -0.90037   7.76540    6.19108    -1.57432   4.47726    2.33818    -2.13908   
198    198.00   17.78830   15.70439   -2.08391   7.77859    6.27032    -1.50827   4.55369    2.66342    -1.89027   
199    199.00   16.86850   15.27121   -1.59729   7.80074    6.29618    -1.50456   4.69871    2.76188    -1.93683   
200    200.00   16.48510   15.11269   -1.37241   7.81101    6.31527    -1.49574   4.76659    2.80317    -1.96342   
201    201.00   16.25870   16.42373   0.16503    7.81734    6.31527    -1.50207   4.80716    2.38153    -2.42563   
202    202.00   18.62260   16.13360   -2.48900   7.81734    6.33282    -1.48452   3.39692    2.44533    -0.95159   
203    203.00   18.04010   15.83154   -2.20856   7.85905    6.37208    -1.48697   3.50928    2.52956    -0.97972   
204    204.00   17.36710   21.57138   4.20428    7.93047    6.37208    -1.55839   3.66161    1.02914    -2.63247   
205    205.00   18.57220   22.51862   3.94642    7.93047    6.31500    -1.61547   3.40077    1.02915    -2.37162   
206    206.00   19.77130   23.36160   3.59030    7.93047    6.26124    -1.66923   3.20755    1.02916    -2.17839   
207    207.00   20.46490   23.89004   3.42514    7.92844    6.22387    -1.70457   3.20756    1.02917    -2.17839   
208    208.00   21.06370   23.46911   2.40541    7.92546    6.21730    -1.70816   3.20756    1.11163    -2.09593   
209    209.00   21.34200   21.96820   0.62620    7.92485    6.24038    -1.68447   3.20757    1.31832    -1.88925   
210    210.00   21.15380   21.27040   0.11660    7.93237    6.24875    -1.68362   3.24817    1.43050    -1.81767   
211    211.00   21.02240   20.85289   -0.16951   7.93968    6.25398    -1.68570   3.28692    1.50019    -1.78673   
212    212.00   20.90800   19.34146   -1.56654   7.94551    6.28485    -1.66066   3.31696    1.71773    -1.59923   
213    213.00   20.22360   21.34815   1.12455    7.96117    6.28485    -1.67632   3.40971    1.37186    -2.03785   
214    214.00   20.65670   21.91268   1.25598    7.95956    6.25936    -1.70020   3.40972    1.37187    -2.03785   
215    215.00   21.05890   22.40804   1.34914    7.95914    6.23630    -1.72284   3.40973    1.37188    -2.03785   
216    216.00   21.57750   22.74723   1.16973    7.95914    6.21958    -1.73956   3.40001    1.37189    -2.02812   
217    217.00   21.91190   21.05778   -0.85412   7.96045    6.25016    -1.71029   3.40002    1.60652    -1.79350   
218    218.00   21.41710   19.15045   -2.26665   7.97561    6.28836    -1.68725   3.47949    1.89154    -1.58795   
219    219.00   20.41130   19.05249   -1.35881   8.00173    6.28929    -1.71244   3.62525    1.91910    -1.70615   
220    220.00   20.14380   19.27586   -0.86794   8.01151    6.28164    -1.72987   3.67733    1.91911    -1.75822   
221    221.00   20.22400   18.41146   -1.81254   8.01394    6.29847    -1.71547   3.68306    2.06341    -1.61965   
222    222.00   19.58200   18.30707   -1.27493   8.03223    6.29962    -1.73261   3.78863    2.09953    -1.68910   
223    223.00   19.34920   19.93365   0.58445    8.04349    6.29962    -1.74387   3.84924    1.76987    -2.07937   
224    224.00   19.69810   18.29244   -1.40566   8.04412    6.33429    -1.70983   3.84924    2.01578    -1.83346   
225    225.00   18.96820   16.55665   -2.41155   8.06072    6.37136    -1.68936   3.95145    2.30392    -1.64753   
226    226.00   17.96120   17.67842   -0.28278   8.08253    6.37136    -1.71117   4.09653    2.15262    -1.94391   
227    227.00   18.81930   17.94291   -0.87639   8.08253    6.36314    -1.71939   3.84480    2.15263    -1.69217   
228    228.00   18.86260   19.28444   0.42184    8.08924    6.36314    -1.72610   3.86351    1.98049    -1.88302   
229    229.00   19.48960   20.93790   1.44830    8.08924    6.36314    -1.72610   3.83974    1.67826    -2.16148   
230    230.00   19.91370   21.23283   1.31913    8.08872    6.35475    -1.73397   3.83975    1.67826    -2.16149   
231    231.00   20.17500   19.82117   -0.35383   8.09115    6.38374    -1.70741   3.83976    1.87269    -1.96707   
232    232.00   19.70790   17.96632   -1.74158   8.10239    6.42308    -1.67931   3.90441    2.15371    -1.75070   
233    233.00   18.83600   16.79534   -2.04066   8.12217    6.44730    -1.67487   4.02700    2.35708    -1.66992   
234    234.00   17.99660   15.51711   -2.47949   8.14285    6.47408    -1.66877   4.16129    2.60420    -1.55709   
235    235.00   16.99370   14.51202   -2.48168   8.16820    6.49507    -1.67313   4.33760    2.81375    -1.52385   
236    236.00   16.09540   14.13612   -1.95928   8.18938    6.50269    -1.68669   4.50030    2.91255    -1.58775   
237    237.00   15.59290   13.32666   -2.26624   8.20477    6.51953    -1.68524   4.62066    3.10349    -1.51717   
238    238.00   14.88770   17.48779   2.60009    8.22128    6.51953    -1.70175   4.76589    1.34351    -3.42238   
239    239.00   15.46690   17.94004   2.47314    8.22128    6.50028    -1.72100   4.56239    1.34352    -3.21887   
240    240.00   15.96900   18.48213   2.51313    8.22128    6.47476    -1.74652   4.43281    1.34353    -3.08928   
241    241.00   16.41050   18.03455   1.62405    8.22128    6.47968    -1.74160   4.40850    1.43944    -2.96906   
242    242.00   16.54470   18.19623   1.65153    8.23210    6.47197    -1.76013   4.40851    1.43945    -2.96906   
243    243.00   17.65270   17.52263   -0.13007   8.23210    6.48312    -1.74898   3.78568    1.57165    -2.21403   
244    244.00   17.46740   16.33452   -1.13288   8.26228    6.50516    -1.75712   3.83908    1.82024    -2.01884   
245    245.00   16.98430   16.62251   -0.36179   8.30666    6.49527    -1.81139   3.96061    1.82025    -2.14036   
246    246.00   17.07690   16.96629   -0.11061   8.31182    6.48325    -1.82857   3.98451    1.82026    -2.16425   
247    247.00   17.24980   17.35709   0.10729    8.31485    6.46942    -1.84543   3.99077    1.82027    -2.17050   
248    248.00   17.47300   17.52963   0.05663    8.31635    6.46332    -1.85303   3.99078    1.82028    -2.17050   
249    249.00   17.58560   17.20180   -0.38380   8.31791    6.46894    -1.84897   3.99079    1.89048    -2.10031   
250    250.00   17.44350   17.22698   -0.21652   8.32434    6.46740    -1.85694   4.03061    1.90197    -2.12864   
251    251.00   17.42670   17.27538   -0.15132   8.32885    6.46502    -1.86383   4.05374    1.91668    -2.13706   
252    252.00   17.41190   15.50406   -1.90784   8.33496    6.50310    -1.83186   4.08643    2.25221    -1.83422   
253    253.00   16.52030   15.11825   -1.40205   8.35503    6.51060    -1.84443   4.24266    2.34952    -1.89314   
254    254.00   16.17160   14.16409   -2.00751   8.36693    6.53054    -1.83639   4.33238    2.56271    -1.76967   
255    255.00   15.44670   13.83969   -1.60701   8.38375    6.53707    -1.84668   4.47800    2.64809    -1.82991   
256    256.00   15.06740   13.71487   -1.35253   8.39432    6.53949    -1.85483   4.57061    2.69114    -1.87947   
257    257.00   14.79840   13.19304   -1.60536   8.40333    6.55022    -1.85311   4.64926    2.82621    -1.82305   
258    258.00   14.31650   13.30556   -1.01094   8.41515    6.54735    -1.86780   4.76566    2.82622    -1.93944   
259    259.00   14.23870   13.89724   -0.34146   8.42052    6.54735    -1.87317   4.80967    2.58694    -2.22273   
260    260.00   14.35870   13.63090   -0.72780   8.42289    6.55404    -1.86885   4.81612    2.65934    -2.15678   
261    261.00   14.19350   13.72836   -0.46514   8.42840    6.55161    -1.87679   4.86591    2.65934    -2.20657   
262    262.00   14.21470   13.85652   -0.35818   8.43174    6.54830    -1.88344   4.88682    2.65935    -2.22747   
263    263.00   14.24990   14.30018   0.05028    8.43513    6.54830    -1.88683   4.90753    2.58434    -2.32319   
264    264.00   14.41810   14.53960   0.12150    8.43599    6.54830    -1.88769   4.90754    2.57254    -2.33500   
265    265.00   14.56250   14.53701   -0.02549   8.43679    6.54824    -1.88855   4.90755    2.58369    -2.32386   
266    266.00   14.55630   14.45298   -0.10332   8.43982    6.54985    -1.88997   4.92621    2.60950    -2.31671   
267    267.00   14.51700   14.36290   -0.15410   8.44285    6.55162    -1.89123   4.94663    2.63270    -2.31393   
268    268.00   14.48660   14.26253   -0.22407   8.44488    6.55362    -1.89126   4.95814    2.65547    -2.30267   
269    269.00   14.46190   14.24393   -0.21797   8.44622    6.55387    -1.89235   4.96350    2.67521    -2.28829   
270    270.00   14.43410   14.21668   -0.21742   8.45062    6.55433    -1.89629   4.99563    2.69381    -2.30182   
271    271.00   14.41170   14.17760   -0.23410   8.45430    6.55500    -1.89930   5.02138    2.71946    -2.30192   
272    272.00   14.36970   13.60186   -0.76784   8.45921    6.56685    -1.89236   5.05902    2.85780    -2.20122   
273    273.00   14.05310   13.35703   -0.69607   8.46718    6.57181    -1.89537   5.13742    2.92341    -2.21401   
274    274.00   13.88080   12.71942   -1.16138   8.47248    6.58502    -1.88746   5.18759    3.10182    -2.08577   
275    275.00   13.44180   12.39691   -1.04489   8.48471    6.59160    -1.89311   5.31940    3.20045    -2.11895   
276    276.00   13.16230   11.91084   -1.25146   8.49282    6.60162    -1.89120   5.41002    3.35285    -2.05717   
277    277.00   12.78820   11.86824   -0.91996   8.50298    6.60247    -1.90051   5.53304    3.37934    -2.15370   
278    278.00   12.70340   11.24932   -1.45408   8.50758    6.61536    -1.89222   5.58368    3.58262    -2.00106   
279    279.00   12.23080   10.80953   -1.42127   8.51902    6.62443    -1.89459   5.73871    3.73561    -2.00310   
280    280.00   11.89160   10.63042   -1.26118   8.52663    6.62807    -1.89856   5.85009    3.79918    -2.05091   
281    281.00   11.67300   10.14562   -1.52738   11.67300   6.63813    -5.03487   5.90000    3.99479    -1.90521   
282    282.00   11.29350   9.87286    -1.42064   11.29350   6.64372    -4.64978   5.90000    4.12041    -1.77959   
283    283.00   11.07640   9.63911    -1.43729   11.07640   6.64851    -4.42789   5.90000    4.24214    -1.65786   
284    284.00   10.86430   9.41417    -1.45013   10.86430   6.65311    -4.21119   5.90000    4.36349    -1.53651   
285    285.00   10.66140   9.44248    -1.21892   10.66140   6.65247    -4.00893   5.90000    4.36350    -1.53650   
286    286.00   10.63990   9.14526    -1.49464   10.63990   6.65858    -3.98132   5.90000    4.51270    -1.38730   
287    287.00   10.35320   8.81632    -1.53688   10.35320   6.66537    -3.68783   5.90000    4.69650    -1.20350   
288    288.00   10.03160   8.68881    -1.34279   10.03160   6.66797    -3.36363   5.90000    4.79086    -1.10914   
289    289.00   9.86538    8.62655    -1.23883   9.86538    6.66923    -3.19615   5.90000    4.83740    -1.06260   
290    290.00   9.77664    8.90371    -0.87293   9.77664    6.66923    -3.10741   5.90000    4.37843    -1.52157   
291    291.00   9.88167    8.91058    -0.97109   9.77664    6.66904    -3.10760   5.86631    4.37844    -1.48787   
292    292.00   9.87852    8.58095    -1.29757   9.77440    6.67591    -3.09849   5.86631    4.61459    -1.25172   
293    293.00   9.58784    8.18654    -1.40130   9.58784    6.68420    -2.90364   5.90000    4.93242    -0.96758   
294    294.00   9.22981    7.87525    -1.35456   9.22981    6.69071    -2.53910   5.90000    5.21764    -0.68236   
295    295.00   8.94545    7.88883    -1.05662   8.94545    6.69042    -2.25503   5.90000    5.21765    -0.68235   
296    296.00   8.91762    7.85121    -1.06641   8.91762    6.69118    -2.22644   5.90000    5.24857    -0.65143   
297    297.00   8.84612    8.02137    -0.82475   8.84612    6.69118    -2.15494   5.90000    4.05034    -1.84966   
298    298.00   8.82434    7.74695    -1.07739   8.82434    6.59424    -2.23010   5.90000    4.92097    -0.97903   
299    299.00   8.60361    7.51743    -1.08618   8.60361    6.55564    -2.04797   5.90000    5.50331    -0.39669   
300    300.00   8.39114    7.41213    -0.97901   8.39114    6.59640    -1.79474   5.90000    5.74225    -0.15775   
301    301.00   8.27343    7.45862    -0.81481   8.27343    6.59640    -1.67703   5.90000    5.64300    -0.25700   
302    302.00   8.29590    7.67615    -0.61975   8.29590    6.59222    -1.70368   5.90000    5.77568    -0.12432   
303    303.00   8.45078    7.52094    -0.92984   8.45078    7.52094    -0.92984   5.90000    5.90000    0.00000    
304    304.00   8.24702    7.21980    -1.02722   8.24702    7.21980    -1.02722   5.90000    5.90000    0.00000    
305    305.00   7.90253    6.58489    -1.31764   7.90253    6.58489    -1.31764   5.90000    5.90000    0.00000    
306    306.00   7.21843    5.78812    -1.43031   7.21843    5.78812    -1.43031   5.90000    5.90000    0.00000    
307    307.00   6.37582    5.07995    -1.29587   6.37582    5.07995    -1.29587   5.90000    5.90000    0.00000    
308    308.00   5.64121    4.54785    -1.09336   5.64121    4.54785    -1.09336   5.90000    5.90000    0.00000    
309    309.00   5.10102    4.05149    -1.04953   5.10102    4.05149    -1.04953   5.90000    5.90000    0.00000    
310    310.00   4.59504    3.63694    -0.95810   4.59504    3.63694    -0.95810   5.90000    5.90000    0.00000    
311    311.00   4.16161    3.36524    -0.79637   4.16161    3.36524    -0.79637   5.90000    5.90000    0.00000    
312    312.00   3.88414    3.21168    -0.67246   3.88414    3.36524    -0.51890   5.90000    5.80271    -0.09729   
313    313.00   3.73888    2.99231    -0.74657   3.73888    3.36524    -0.37364   5.90000    4.23847    -1.66153   
314    314.00   3.57554    2.84606    -0.72948   3.57554    2.84606    -0.72948   5.90000    5.90000    0.00000    
315    315.00   3.36118    2.66160    -0.69958   3.36118    2.66160    -0.69958   5.90000    5.90000    0.00000    
316    316.00   3.16710    2.58356    -0.58354   3.16710    2.58356    -0.58354   5.90000    5.90000    0.00000    
317    317.00   3.07265    2.46628    -0.60637   3.07265    2.46628    -0.60637   5.90000    5.90000    0.00000    
318    318.00   2.93780    2.58820    -0.34960   2.93780    2.58820    -0.34960   5.90000    5.90000    0.00000    
319    319.00   3.04058    2.70018    -0.34040   3.04058    2.70018    -0.34040   5.90000    5.90000    0.00000    
320    320.00   3.14043    2.74433    -0.39610   3.14043    2.74433    -0.39610   5.90000    5.90000    0.00000    
321    321.00   3.20023    2.79676    -0.40347   3.20023    2.79676    -0.40347   5.90000    5.90000    0.00000    
322    322.00   3.26873    3.21592    -0.05281   3.26873    3.21592    -0.05281   5.90000    5.90000    0.00000    
323    323.00   3.65127    3.14697    -0.50430   3.65127    3.14697    -0.50430   5.90000    5.90000    0.00000    
324    324.00   3.54898    3.01036    -0.53862   3.54898    3.14697    -0.40201   5.90000    0.01000    -5.89000   
325    325.00   3.44273    3.04147    -0.40126   3.54898    3.14697    -0.40201   0.02437    0.01000    -0.01437   
326    326.00   3.50216    3.09322    -0.40894   3.54898    3.09322    -0.45576   0.01000    5.90000    5.89000    
327    327.00   3.53979    3.15463    -0.38516   3.53979    3.15463    -0.38516   5.90000    5.90000    0.00000    
328    328.00   3.62241    3.20250    -0.41991   3.62241    3.20250    -0.41991   5.90000    5.90000    0.00000    
329    329.00   3.68860    3.19084    -0.49776   3.68860    3.20250    -0.48610   5.90000    0.01000    -5.89000   
330    330.00   3.70182    3.10318    -0.59864   3.70182    3.10318    -0.59864   5.90000    5.90000    0.00000    
331    331.00   3.58483    2.73147    -0.85336   3.58483    2.73147    -0.85336   5.90000    5.90000    0.00000    
332    332.00   3.19031    2.58956    -0.60075   3.19031    2.73147    -0.45884   5.90000    5.72020    -0.17980   
333    333.00   3.05344    2.43902    -0.61442   3.05344    2.73147    -0.32197   5.90000    2.59529    -3.30471   
334    334.00   2.99342    2.22913    -0.76429   2.99342    2.22913    -0.76429   5.90000    5.90000    0.00000    
335    335.00   2.67090    1.87700    -0.79390   2.67090    1.87700    -0.79390   5.90000    5.90000    0.00000    
336    336.00   2.30497    1.38487    -0.92010   2.30497    1.38487    -0.92010   5.90000    5.90000    0.00000    
337    337.00   1.80102    1.03369    -0.76733   1.80102    1.03369    -0.76733   5.90000    5.90000    0.00000    
338    338.00   1.43575    0.66490    -0.77085   1.43575    0.66490    -0.77085   5.90000    5.90000    0.00000    
339    339.00   1.06410    0.06225    -1.00185   1.06410    0.06225    -1.00185   5.90000    5.90000    0.00000    
340    340.00   0.44819    0.00000    -0.44819   0.44819    0.00000    -0.44819   5.90000    5.90000    0.00000    
341    341.00   0.00000    0.00000    0.00000    0.00000    0.31173    0.31173    5.90000    0.00000    -5.90000   
342    342.00   0.00000    0.00000    0.00000    0.31727    0.34350    0.02623    0.00000    0.00000    0.00000    
343    343.00   0.00000    0.00000    0.00000    0.35567    0.37273    0.01706    0.00000    0.00000    0.00000    
344    344.00   0.00000    0.00000    0.00000    0.39154    0.39990    0.00836    0.00000    0.00000    0.00000    
345    345.00   0.00000    0.00000    0.00000    0.42526    0.42534    0.00008    0.00000    0.00000    0.00000    
346    346.00   0.00000    0.00000    0.00000    0.45711    0.44931    -0.00780   0.00000    0.00000    0.00000    
347    347.00   0.00000    0.00000    0.00000    0.48733    0.47199    -0.01534   0.00000    0.00000    0.00000    
348    348.00   0.00000    0.00000    0.00000    0.51611    0.49356    -0.02255   0.00000    0.00000    0.00000    
349    349.00   0.00000    0.00000    0.00000    0.54360    0.51414    -0.02946   0.00000    0.00000    0.00000    
350    350.00   0.00000    0.00000    0.00000    0.56992    0.53383    -0.03609   0.00000    0.00000    0.00000    
351    351.00   0.00000    0.00000    0.00000    0.59518    0.55272    -0.04246   0.00000    0.00000    0.00000    
352    352.00   0.00000    0.00000    0.00000    0.61948    0.57088    -0.04860   0.00000    0.00000    0.00000    
353    353.00   0.00000    0.00000    0.00000    0.64290    0.58837    -0.05453   0.00000    0.00000    0.00000    
354    354.00   0.00000    0.00000    0.00000    0.66550    0.60526    -0.06024   0.00000    0.00000    0.00000    
355    355.00   0.00000    0.00000    0.00000    0.68735    0.62159    -0.06576   0.00000    0.00000    0.00000    
356    356.00   0.00000    0.00000    0.00000    0.70850    0.63739    -0.07111   0.00000    0.00000    0.00000    
357    357.00   0.00000    0.00000    0.00000    0.72900    0.65272    -0.07628   0.00000    0.00000    0.00000    
358    358.00   0.00000    0.00000    0.00000    0.74889    0.66759    -0.08130   0.00000    0.00000    0.00000    
359    359.00   0.00000    0.00000    0.00000    0.76821    0.68204    -0.08617   0.00000    0.00000    0.00000    
360    360.00   0.00000    0.00000    0.00000    0.78699    0.69610    -0.09089   0.00000    0.00000    0.00000    
361    361.00   0.00000    0.00000    0.00000    0.80526    0.70978    -0.09548   0.00000    0.00000    0.00000    
362    362.00   0.00000    0.00000    0.00000    0.82305    0.72312    -0.09993   0.00000    0.00000    0.00000    
363    363.00   0.00000    0.00000    0.00000    0.84040    0.73612    -0.10428   0.00000    0.00000    0.00000    
364    364.00   0.00000    0.00000    0.00000    0.85731    0.74881    -0.10850   0.00000    0.00000    0.00000    
